8208
8192
8165
8160
8146
8136
8130
8123
8106
8037
8033
8014
8013
7985
7968
7966
7959
7959
7955
7954
7954
7950
7922
7910
7893
7874
7866
7846
7837
7787
7782
7781
7768
7738
7736
7733
7728
7716
7710
7669
7664
7651
7636
7634
7627
7583
7582
7562
7551
7534
7533
7529
7519
7507
7483
7473
7471
7461
7379
7378
7374
7373
7369
7367
7361
7358
7358
7354
7342
7337
7331
7325
7324
7308
7305
7301
7295
7253
7236
7225
7225
7220
7218
7206
7194
7171
7167
7151
7145
7133
7126
7121
7109
7108
7102
7093
7082
7076
7063
7057
7047
7036
7030
7026
7026
7014
7007
6993
6985
6979
6971
6944
6927
6921
6921
6910
6880
6862
6859
6833
6821
6817
6808
6805
6802
6795
6793
6771
6755
6746
6734
6726
6722
6720
6685
6662
6662
6641
6585
6585
6567
6553
6536
6525
6518
6513
6501
6483
6461
6439
6433
6432
6427
6401
6400
6398
6395
6368
6367
6355
6351
6340
6337
6334
6318
6284
6278
6278
6270
6263
6263
6256
6256
6250
6244
6240
6234
6228
6187
6186
6183
6162
6160
6142
6138
6132
6112
6104
6085
6085
6043
6040
6040
6030
6018
6000
5998
5992
5967
5966
5965
5957
5957
5952
5950
5939
5932
5923
5897
5896
5894
5876
5875
5855
5821
5820
5818
5815
5812
5804
5801
5790
5790
5783
5769
5754
5748
5748
5747
5726
5709
5707
5679
5660
5656
5655
5639
5628
5614
5613
5612
5593
5573
5554
5543
5537
5535
5531
5523
5519
5515
5507
5498
5488
5479
5457
5454
5451
5446
5442
5441
5431
5422
5418
5415
5414
5407
5405
5401
5386
5374
5363
5359
5354
5344
5342
5337
5334
5320
5302
5256
5247
5240
5221
5212
5200
5199
5199
5186
5172
5161
5158
5156
5154
5153
5153
5153
5152
5130
5128
5122
5118
5118
5105
5098
5071
5052
5041
5035
5023
4985
4980
4958
4954
4939
4931
4927
4926
4915
4891
4878
4870
4866
4846
4844
4835
4835
4832
4826
4797
4790
4781
4778
4758
4747
4737
4722
4711
4694
4664
4657
4641
4635
4609
4601
4591
4578
4564
4545
4538
4536
4523
4515
4506
4501
4499
4493
4481
4480
4473
4473
4464
4461
4457
4454
4436
4425
4418
4410
4407
4376
4372
4369
4363
4357
4350
4346
4346
4346
4345
4338
4337
4326
4317
4307
4290
4272
4269
4264
4257
4254
4241
4231
4230
4219
4177
4166
4162
4162
4100
4094
4091
4091
4088
4075
4067
4053
4047
4026
4012
4011
4004
3985
3985
3961
3955
3954
3944
3923
3921
3910
3862
3817
3813
3809
3777
3769
3766
3733
3726
3715
3711
3711
3703
3702
3682
3671
3667
3655
3646
3636
3625
3615
3611
3608
3603
3580
3566
3547
3544
3530
3513
3499
3480
3467
3458
3453
3452
3452
3443
3440
3435
3428
3425
3419
3400
3394
3381
3371
3360
3355
3354
3341
3336
3333
3332
3320
3310
3308
3281
3278
3269
3257
3255
3246
3241
3216
3185
3176
3168
3165
3158
3131
3126
3119
3110
3096
3080
3068
3062
3031
3028
3026
3007
3002
3001
2996
2982
2975
2968
2961
2943
2917
2913
2893
2892
2886
2863
2861
2854
2848
2829
2819
2798
2773
2750
2737
2727
2714
2711
2709
2709
2708
2695
2687
2685
2682
2681
2678
2666
2661
2645
2645
2642
2638
2636
2635
2621
2597
2591
2588
2568
2564
2555
2548
2542
2542
2536
2510
2509
2507
2500
2482
2465
2460
2453
2435
2432
2429
2428
2427
2402
2395
2379
2376
2357
2352
2324
2322
2317
2314
2302
2250
2241
2237
2223
2212
2204
2192
2185
2180
2174
2167
2159
2149
2145
2145
2129
2108
2062
2049
1980
1965
1958
1956
1948
1948
1919
1914
1902
1865
1864
1860
1839
1835
1823
1806
1805
1802
1797
1774
1767
1754
1734
1725
1718
1703
1659
1658
1648
1619
1617
1611
1604
1603
1594
1586
1582
1582
1573
1571
1567
1564
1547
1541
1540
1530
1530
1515
1515
1508
1500
1484
1435
1434
1427
1419
1413
1409
1403
1398
1397
1393
1380
1378
1376
1373
1364
1361
1354
1338
1334
1332
1322
1319
1316
1308
1303
1295
1288
1260
1256
1254
1251
1250
1217
1208
1188
1185
1172
1155
1154
1125
1124
1115
1114
1082
1081
1067
1063
1040
1039
1037
1026
990
982
979
950
949
948
944
937
928
917
915
912
910
906
903
894
886
880
870
866
864
858
836
815
809
808
784
778
744
720
706
697
696
684
664
663
640
640
622
616
611
610
599
595
587
586
573
567
565
563
563
558
538
532
524
504
496
491
486
486
466
463
452
447
443
427
425
425
416
404
393
350
347
327
320
318
304
298
297
293
287
274
273
253
240
232
226
199
198
197
164
155
117
98
78
78